0 1
1 0,554987339575303
2 0,039988122689366
3 0,0096135970196134
4 0,00229368605779483
5 0,000523745169615698
6 6,44516706828365E-05
7 0,000127336822378323
8 0,000331956676554538
9 0,00103817104101262
10 0,00012775651582028
11 0,000252407867636744
12 0,0006580066575556
13 0,000731769847166512
14 9,00510246993065E-05
15 0,000177913329718778
16 0,000463805492748428
17 0,0048473464782384
18 0,00110685344003522
19 0,000136208518092224
20 0,000269106443494301
21 0,000701538478448691
22 0,00219401200193011
23 0,000269993399893978
24 0,000533424521682329
25 0,00139059408035381
26 0,00154648103627307
27 0,000190308746026736
28 0,000375991975585843
29 0,00098018031466049
30 0,00247256448358016
31 0,000564590651121391
32 6,94780836706995E-05
33 0,000137267479738397
34 0,000357845087712294
35 0,00111913521694296
36 0,000137719903946605
37 0,000272092480474344
38 0,000709322832522008
39 0,000788838615515813
40 9,70738626695796E-05
41 0,000191788313279918
42 0,000499976439566316
43 0,0121181060851274
44 0,00289123112999522
45 0,000660189886681075
46 8,12424507814162E-05
47 0,000160510277160088
48 0,00041843715873957
49 0,0013086326360291
50 0,000161039308036096
51 0,00031816450289133
52 0,000829428825101673
53 0,000922408607285049
54 0,000113510881323015
55 0,000224262843459305
56 0,000584634882502729
57 0,00611016446131669
58 0,00139520799339417
59 0,000171693203758393
60 0,000339213347907362
61 0,000884301441728416
62 0,00276559025068238
63 0,000340331371860544
64 0,000672390878145501
65 0,00175286800067633
66 0,00194936621724014
67 0,000239887481093139
68 0,00047394441830776
69 0,00123553431783924
70 0,00311671049381552
71 0,000711676325833275
72 8,75783316895006E-05
73 0,000173028043313477
74 0,000451069950830298
75 0,00141068938658948
76 0,00017359833188906
77 0,000342977299404855
78 0,000894113755295564
79 0,000994344781392771
80 0,000122363290610486
81 0,000241752501324126
82 0,000630228989458159
83 0,0182564195846252
84 0,00435575726557667
85 0,000994602910067616
86 0,000122395055723198
87 0,00024181525948807
88 0,000630392594856349
89 0,00197150828006058
90 0,000242612266015144
91 0,000479327761360881
92 0,00124956825268456
93 0,00138964607544847
94 0,000171008758488828
95 0,000337861093034913
96 0,00088077622392473
97 0,0092052112230448
98 0,00210193757640793
99 0,000258662793147912
100 0,00051103870230206
101 0,00133223608095795
102 0,00416647417186521
103 0,000512723050850552
104 0,00101298419984658
105 0,00264076692116808
106 0,00293679947477166
107 0,000361400244986312
108 0,000714016538527982
109 0,00186138269125737
110 0,00469545109600368
111 0,00107216932428101
112 0,00013194031795177
113 0,000260673783217199
114 0,000679555223112041
115 0,00212526092478783
116 0,000261532946146374
117 0,000516709248289337
118 0,00134701873035212
119 0,00149802084693484
120 0,000184345273052375
121 0,000364209973802972
122 0,000949465600079491
123 0,258045929145678
124 0,0620371602495349
125 0,0148013037408619
126 0,00337976128509238
127 0,000415910778696461
128 0,000821712709554395
129 0,00214213779684153
130 0,00669938453903663
131 0,00082442101834467
132 0,00162880421354023
133 0,00424615930715173
134 0,00472215791673283
135 0,000581105057608329
136 0,00114808616626787
137 0,00299296669285664
138 0,0312802387745172
139 0,00714259647997759
140 0,00087896233293319
141 0,00173656119818404
142 0,00452707294886036
143 0,014158100643854
144 0,00174228478491114
145 0,00344222276689198
146 0,00897359309205089
147 0,00997954165068563
148 0,00122807458540876
149 0,00242630041537732
150 0,00632516664989955
151 0,0159556177341558
152 0,00364333980585505
153 0,00044834654518139
154 0,000885795880585307
155 0,00230919738008835
156 0,00722185157675563
157 0,000888715403116582
158 0,00175583028698234
159 0,00457730588665671
160 0,00509042635154513
161 0,00062642388298446
162 0,00123762232811094
163 0,00322638014044974
164 0,0781989184267
165 0,0186573005467178
166 0,00426024782519989
167 0,000524262763241386
168 0,00103578314813513
169 0,00270020191382338
170 0,00844469061720388
171 0,00103919701842373
172 0,00205313601259904
173 0,00535235758618112
174 0,00595236210431401
175 0,00073249302215759
176 0,00144718256125331
177 0,00377268652090311
178 0,0394292844878326
179 0,00900336696982821
180 0,00110794729314999
181 0,00218896556408358
182 0,00570645411259464
183 0,0178465318669071
184 0,00219618024460377
185 0,00433898160831328
186 0,0113113700139901
187 0,0125793856510973
188 0,00154800935342625
189 0,00305839383198044
190 0,00797298246569058
191 0,0201123333921496
192 0,00459249313045312
193 0,000565148610486167
194 0,0011165610987024
195 0,00291078342126456
196 0,00910326939642087
197 0,00112024120758149
198 0,00221325458532558
199 0,0057697736035138
200 0,00641657086527564
201 0,000789618188985459
202 0,00156004444899999
203 0,0040669082272902
204 0,117809850469443
205 0,0281079819490418
206 0,00641823658622626
207 0,000789823171302026
208 0,00156044943147071
209 0,00406796398345353
210 0,0127222698074276
211 0,00156559256588119
212 0,00309313289114667
213 0,00806354435039973
214 0,008967475555388
215 0,00110353052377809
216 0,00218023937636745
217 0,00568370565524246
218 0,0594018204226551
219 0,0135639384505199
220 0,00166916765039883
221 0,00329776563379419
222 0,00859700516632687
223 0,0268865259640293
224 0,00330863484337367
225 0,0065368522320958
226 0,0170410388885598
227 0,0189513560081059
228 0,00233213903876934
229 0,00460759467357619
230 0,0120116222957604
231 0,0303000480977461
232 0,00691877764892327
233 0,000851419362747298
234 0,00168214469873298
235 0,00438521358744299
236 0,0137144455185869
237 0,00168768893240629
238 0,00333435803197744
239 0,00869239855420319
240 0,00966682493023592
241 0,00118959191052657
242 0,00235027039964303
243 0,00612696262006631
244 0,256953287740259
245 0,0617744768962743
246 0,0147386307222446
247 0,00336545039426473
248 0,000414149691671107
249 0,000818233339301237
250 0,00213306736329239
251 0,00667101739927044
252 0,00082093018032555
253 0,00162190738346457
254 0,00422817983548032
255 0,00470216292870946
256 0,000578644490030521
257 0,00114322483601396
258 0,00298029360266498
259 0,0311477891591733
260 0,00711235265213632
261 0,000875240551148273
262 0,00172920809374073
263 0,00450790400724732
264 0,0140981511339479
265 0,00173490744513939
266 0,0034276473960104
267 0,00893559629279807
268 0,00993728537308908
269 0,00122287456095807
270 0,0024160267547751
271 0,00629838405735591
272 0,0158880570148564
273 0,00362791284702231
274 0,00044644811570078
275 0,00088204516357504
276 0,00229941956774649
277 0,00719127215981743
278 0,000884952324000033
279 0,00174839559162095
280 0,00455792424419645
281 0,00506887200801665
282 0,000623771422338566
283 0,00123238187574479
284 0,00321271870993329
285 0,0778678014956372
286 0,0185783001177702
287 0,00424220869865149
288 0,000522042882446005
289 0,00103139734147492
290 0,00268876847473057
291 0,00840893334463285
292 0,00103479675644527
293 0,00204444243845218
294 0,0053296941497354
295 0,00592715807448586
296 0,000729391433971954
297 0,00144105476999979
298 0,00375671187051412
299 0,0392623294463016
300 0,00896524409932999
301 0,00110325592254196
302 0,00217969684816827
303 0,00568229132861977
304 0,0177709644680124
305 0,00218688097963586
306 0,0043206091000614
307 0,0112634743883152
308 0,0125261208789591
309 0,00154145463225267
310 0,00304544370428045
311 0,00793922254242602
312 0,0200271719315655
313 0,00457304718079196
314 0,000562755607139529
315 0,00111183325474004
316 0,00289845831891239
317 0,00906472351003491
318 0,00111549778096937
319 0,00220388302264034
320 0,0057453427064252
321 0,00638940124073859
322 0,000786274716253245
323 0,00155343876773652
324 0,00404968775674882
325 0,117311009348348
326 0,0279889645903803
327 0,00639105990854295
328 0,000786478830615154
329 0,00155384203539385
330 0,00405073904253394
331 0,0126684000222753
332 0,00155896339227957
333 0,00308003566818129
334 0,00802940096181443
335 0,00892950465956206
336 0,00109885785505429
337 0,00217100760966518
338 0,0056596391948426
339 0,059150295863574
340 0,0135065047958962
341 0,0016620999098092
342 0,00328380193636722
343 0,00856060294971982
344 0,0267726806047422
345 0,00329462512255672
346 0,00650917330131965
347 0,0169688821808658
348 0,0188711104629356
349 0,00232226408478193
350 0,00458808477959568
351 0,011960761598558
352 0,0301717488943935
353 0,00688948153501391
354 0,000847814205897148
355 0,00167502200955193
356 0,00436664531956484
357 0,013656374573327
358 0,00168054276732971
359 0,00332023939170945
360 0,00865559241428784
361 0,0096258927860526
362 0,00118455483289742
363 0,00234031867220799
364 0,00610101928094719
365 0,0181741418377187
366 0,00130948899507648
367 0,000314815966682816
368 7,51112192531465E-05
369 1,71510561064325E-05
370 2,11059554180852E-06
371 4,16989236698439E-06
372 1,08705681976396E-05
373 3,39969336338625E-05
374 4,18363604652189E-06
375 8,26558744726803E-06
376 2,15477101400725E-05
377 2,39632295128516E-05
378 2,94889626990318E-06
379 5,82611864912847E-06
380 1,518821459382E-05
381 0,000158735805576187
382 3,62460726188104E-05
383 4,46041332980292E-06
384 8,81241485121455E-06
385 2,2973244437793E-05
386 7,18471980770737E-05
387 8,84145996677329E-06
388 1,74680253502548E-05
389 4,55377127600456E-05
390 5,06425348803031E-05
391 6,23203070883563E-06
392 1,23125898680324E-05
393 3,2097914303435E-05
394 8,09689418534821E-05
395 1,84886209865294E-05
396 2,27519522915684E-06
397 4,49509109231366E-06
398 1,17183346650589E-05
399 3,66482633349289E-05
400 4,50990660456855E-06
401 8,91019845047556E-06
402 2,32281582798848E-05
403 2,58320575320237E-05
404 3,17887278337235E-06
405 6,28048202150585E-06
406 1,63727027271455E-05
407 0,000396830996116345
408 9,46789969702203E-05
409 2,16192042318495E-05
410 2,66044235328903E-06
411 5,25622178291721E-06
412 1,37025400956432E-05
413 4,28537255622089E-05
414 5,27354592977875E-06
415 1,04189165967266E-05
416 2,71612630357036E-05
417 3,02060671761619E-05
418 3,71713498702075E-06
419 7,34392378946599E-06
420 1,91450083996752E-05
421 0,000200089241056804
422 4,56888043328491E-05
423 5,62242850452264E-06
424 1,11082020408491E-05
425 2,89581737874773E-05
426 9,05646415634921E-05
427 1,11448139136869E-05
428 2,20187494712147E-05
429 5,74010781785906E-05
430 6,3835795160463E-05
431 7,85558299368774E-06
432 1,55202334671484E-05
433 4,04599786996269E-05
434 0,00010206275808932
435 2,33052280041885E-05
436 2,867923119208E-06
437 5,66614042671396E-06
438 1,47711644582665E-05
439 4,61957727188168E-05
440 5,68481563733949E-06
441 1,12314599667652E-05
442 2,92794971147121E-05
443 3,25617573663148E-05
444 4,00702437822588E-06
445 7,91665671517861E-06
446 2,06380762729103E-05
447 0,00059784203227732
448 0,000142637758936703
449 3,25702102927412E-05
450 4,00806458873654E-06
451 7,91871185354242E-06
452 2,06434338504622E-05
453 6,45608801517465E-05
454 7,94481138525374E-06
455 1,56965215249686E-05
456 4,09195472415242E-05
457 4,55066684922149E-05
458 5,60001501051617E-06
459 1,10639198201566E-05
460 2,88427336615421E-05
461 0,00030144257802673
462 6,88320416045905E-05
463 8,47041717097184E-06
464 1,67349580754556E-05
465 4,36266663581631E-05
466 0,000136439315211434
467 1,67901153506609E-05
468 3,31721414428442E-05
469 8,64770584179285E-05
470 9,61712212107063E-05
471 1,18347552172878E-05
472 2,33818628288254E-05
473 6,09546031645932E-05
474 0,000153761695313887
475 3,51102736657836E-05
476 4,32064279953509E-06
477 8,53627095924283E-06
478 2,22533599070057E-05
479 6,95958100932759E-05
480 8,5644059234539E-06
481 1,6920651152975E-05
482 4,41107530168469E-05
483 4,90556115548274E-05
484 6,03674516635031E-06
485 1,19267652621991E-05
486 3,1092101126278E-05
487 0,00845021675724753
488 0,00203152769295082
489 0,000484697531614737
490 0,000110676868809122
491 1,36198088584323E-05
492 2,69085837971109E-05
493 7,01484761535785E-05
494 0,000219384400608207
495 2,69972726456394E-05
496 5,33383677281838E-05
497 0,000139048760234384
498 0,000154636262197408
499 1,90294174055775E-05
500 3,75963185820453E-05
501 9,80105262097854E-05
502 0,00102433236880829
503 0,000233898239221166
504 2,87833342666232E-05
505 5,68670801568676E-05
506 0,000148247824797675
507 0,000463634592909818
508 5,70545101567634E-05
509 0,000112722291738028
510 0,000293857791015027
511 0,00032679953667731
512 4,02156952257612E-05
513 7,94539347937684E-05
514 0,00020712990665778
515 0,00052249779252779
516 0,000119308261059227
517 1,46819812336857E-05
518 2,90071120997886E-05
519 7,56191677257526E-05
520 0,000236493601795218
521 2,91027175538201E-05
522 5,74980840157516E-05
523 0,000149892800225646
524 0,000166695929673346
525 2,05134706471071E-05
526 4,0528354664501E-05
527 0,000105654104361738
528 0,0025607759559535
529 0,000610969660505178
530 0,000139510116209614
531 1,71680057182466E-05
532 3,39187374287345E-05
533 8,84233730626334E-05
534 0,000276537848899689
535 3,40305312633255E-05
536 6,72339393068986E-05
537 0,000175273378329465
538 0,000194921695395875
539 2,39869112870546E-05
540 4,73908128308248E-05
541 0,000123543971277996
542 0,00129118874926047
543 0,000294832794657809
544 3,62818929704473E-05
545 7,16819426367093E-05
546 0,000186868959050653
547 0,000584419460286675
548 7,19182014082844E-05
549 0,000142088407351928
550 0,000370412851526463
551 0,000411936494315984
552 5,0692582603439E-05
553 0,000100153065366412
554 0,000261090846346133
555 0,000658617546187857
556 0,000150390136116391
557 1,85068924531234E-05
558 3,65639688174238E-05
559 9,53192748458439E-05
560 0,000298104294278353
561 3,66844811534314E-05
562 7,24773339648959E-05
563 0,000188942479160026
564 0,000210123115793112
565 2,58575861843009E-05
566 5,10866952586122E-05
567 0,000133178834350199
568 0,00385791310834321
569 0,000920450637855694
570 0,000210177663071329
571 2,58642987296688E-05
572 5,10999571987321E-05
573 0,000133213407142928
574 0,0004166155144275
575 5,12683791564977E-05
576 0,000101290663548524
577 0,000264056471722479
578 0,000293657460356865
579 3,61372572512056E-05
580 7,1396186616803E-05
581 0,000186124016488856
582 0,00194522835531016
583 0,000444177594152824
584 5,46601471170387E-05
585 0,000107991761437285
586 0,0002815256855985
587 0,000880451681596375
588 0,000108347694883826
589 0,000214061963520156
590 0,000558042023192394
591 0,00062059907956096
592 7,63704370415173E-05
593 0,000150884665571598
594 0,000393343976947844
595 0,000992234115177356
596 0,000226568855483068
597 2,7881386039888E-05
598 5,50851058507646E-05
599 0,000143602363592416
600 0,000449106241362547
601 5,52666625854411E-05
602 0,000109190050816776
603 0,00028464952796033
604 0,000316559018331741
605 3,8955505052524E-05
606 7,69641837826259E-05
607 0,000200639329496591
608 0,00841443608539466
609 0,00202292561470482
610 0,000482645181500554
611 0,000110208230803929
612 1,35621386322757E-05
613 2,67946450385525E-05
614 6,98514471331006E-05
615 0,000218455463342654
616 2,68829583527394E-05
617 5,31125175887524E-05
618 0,000138459987401163
619 0,000153981487353971
620 1,89488413257798E-05
621 3,74371248504873E-05
622 9,75955211777035E-05
623 0,00101999504807328
624 0,000232907846147833
625 2,86614572701139E-05
626 5,66262884242083E-05
627 0,000147620100453511
628 0,000461671429395188
629 5,68129247910513E-05
630 0,000112244992818125
631 0,000292613511786012
632 0,000325415772530255
633 4,00454102927772E-05
634 7,91175037589269E-05
635 0,00020625285847855
636 0,000520285385130991
637 0,000118803075232528
638 1,46198134612173E-05
639 2,88842875629444E-05
640 7,5298974208366E-05
641 0,000235492219203004
642 2,89794881957179E-05
643 5,72546204294984E-05
644 0,000149258110577788
645 0,000165990090695459
646 2,04266106548876E-05
647 4,03567458406511E-05
648 0,000105206734199921
649 0,00254993288685825
650 0,00060838263752546
651 0,000138919389861208
652 1,70953113961221E-05
653 3,37751156438187E-05
654 8,80489628212671E-05
655 0,000275366907335628
656 3,3886436110847E-05
657 6,69492512818663E-05
658 0,000174531219942915
659 0,000194096340328624
660 2,38853437384127E-05
661 4,71901463661111E-05
662 0,0001230208502241
663 0,00128572148111048
664 0,000293584386980211
665 3,61282648986628E-05
666 7,13784204737942E-05
667 0,000186077701607754
668 0,000581944858565362
669 7,16136788571165E-05
670 0,00014148676377004
671 0,000368844415938206
672 0,000410192235564905
673 5,04779354866118E-05
674 9,9728988201307E-05
675 0,000259985311876986
676 0,000655828768222311
677 0,000149753340603936
678 1,84285288957255E-05
679 3,6409146354583E-05
680 9,49156653536273E-05
681 0,000296842034121256
682 3,6529148406361E-05
683 7,21704438841006E-05
684 0,000188142441830795
685 0,000209233393497119
686 2,57480976548647E-05
687 5,08703793543452E-05
688 0,000132614916487909
689 0,00384157758383159
690 0,000916553182538748
691 0,000209287709806318
692 2,57547817773661E-05
693 5,08835851395591E-05
694 0,000132649342889393
695 0,000414851443346393
696 5,10512939498426E-05
697 0,000100861769462336
698 0,000262938379934215
699 0,000292414029386036
700 3,59842416090613E-05
701 7,10938744278652E-05
702 0,00018533591334911
703 0,00193699169352269
704 0,00044229681722161
705 5,44287001798051E-05
706 0,000107534492956511
707 0,000280333624085295
708 0,000876723593476684
709 0,000107888919277469
710 0,000213155562998971
711 0,000555679111200244
712 0,000617971282824394
713 7,60470624316649E-05
714 0,000150245776077809
715 0,00039167844431492
716 0,00098803270777015
717 0,000225609497149074
718 2,77633281541135E-05
719 5,48518595148363E-05
720 0,000142994309480124
721 0,000447204595107675
722 5,50326474855707E-05
723 0,000108727708430763
724 0,000283444239191342
725 0,000315218615513401
726 3,87905561307165E-05
727 7,66382950766364E-05
728 0,000199789764306048
729 0,426838518586978
730 0,0307547034547936
731 0,00739377859192983
732 0,00176406467174899
733 0,000402810292009404
734 4,95695192898809E-05
735 9,79342351613441E-05
736 0,000255306537558178
737 0,000798453149444508
738 9,82570196903801E-05
739 0,000194125870302214
740 0,000506070259451914
741 0,000562801230295079
742 6,92578789442385E-05
743 0,000136832422433549
744 0,000356710928917291
745 0,00372807457451621
746 0,000851276504792103
747 0,000104757420459181
748 0,00020696867746788
749 0,000539550406865042
750 0,00168740575844944
751 0,000207650832048162
752 0,000410254642542092
753 0,00106950028385918
754 0,00118939231127467
755 0,000146365686990911
756 0,000289173907971421
757 0,00075385271631234
758 0,00190163934566463
759 0,000434224386662812
760 5,34353131928329E-05
761 0,000105571863578981
762 0,000275217209890998
763 0,000860722369746297
764 0,000105919821207982
765 0,000209265226434173
766 0,000545537322104142
767 0,000606692589255518
768 7,46591152279376E-05
769 0,000147503616182199
770 0,000384529857845382
771 0,009319986386381
772 0,00222363417040123
773 0,000507749372143686
774 6,24832403644587E-05
775 0,000123447805085834
776 0,000321818326693394
777 0,00100646406846807
778 0,000123854680593255
779 0,000244699032567158
780 0,000637910355307662
781 0,000709420729789469
782 8,73007598056099E-05
783 0,000172479646021339
784 0,00044964032396252
785 0,00469930277866698
786 0,0010730488257206
787 0,000132048548710616
788 0,000260887614150812
789 0,00068011266285917
790 0,00212700427819342
791 0,000261747481852094
792 0,00051713310534011
793 0,00134812369100122
794 0,00149924967475296
795 0,000184496491641975
796 0,000364508735564773
797 0,000950244447546209
798 0,0023970494373128
799 0,000547347384292685
800 6,73561407495734E-05
801 0,000133075168414553
802 0,00034691607512856
803 0,00108495550262282
804 0,000133513775051877
805 0,000263782454026714
806 0,000687659273544231
807 0,000764746550397291
808 9,4109111990871E-05
809 0,000185930871159783
810 0,000484706567246637
811 0,0140409384764828
812 0,00334999529896654
813 0,000764945076117283
814 9,41335424106043E-05
815 0,000185979138209888
816 0,00048483239549679
817 0,00151627904572919
818 0,000186592112706893
819 0,000368649042937547
820 0,000961037890084745
821 0,00106877117712007
822 0,000131522144621581
823 0,000259847600396715
824 0,000677401432101774
825 0,00707969072723603
826 0,00161659169011463
827 0,00019893650821893
828 0,000393037799381415
829 0,00102461738251429
830 0,00320441843702373
831 0,000394333225038823
832 0,000779082051755279
833 0,00203100316022963
834 0,00225868060009766
835 0,000277951466973955
836 0,000549147232412737
837 0,00143158190071097
838 0,00361125245028022
839 0,000824601091622582
840 0,00010147476499108
841 0,000200483152549096
842 0,000522643174082406
843 0,00163452958303771
844 0,000201143931283606
845 0,000397398993369445
846 0,00103598665838466
847 0,00115212177561992
848 0,000141779204041665
849 0,000280112418044753
850 0,000730230153533507
851 0,198462080609312
852 0,0477125290795242
853 0,0113836228529825
854 0,00259936073714834
855 0,000319875298018516
856 0,000631975922042993
857 0,00164750951708683
858 0,00515246955772926
859 0,000634058871381624
860 0,00125270673400903
861 0,0032657039523386
862 0,00363179255810488
863 0,000446925549910287
864 0,000882988427799059
865 0,00230187858039554
866 0,0240575051491788
867 0,00549334206922846
868 0,000676006375875267
869 0,00133558219514651
870 0,00348175349820669
871 0,0108889379520846
872 0,00133998418255305
873 0,00264739961021612
874 0,00690155415931543
875 0,0076752251278657
876 0,000944507197499899
877 0,00186605783789434
878 0,00486466009247146
879 0,012271401077363
880 0,00280207791159736
881 0,000344821514857003
882 0,000681262029740733
883 0,00177599436699962
884 0,00555429684366547
885 0,000683507422713452
886 0,00135040197342015
887 0,00352038744753187
888 0,00391502632210014
889 0,000481780075244959
890 0,000951850327802588
891 0,00248139591905259
892 0,0601424719380065
893 0,0143492544033295
894 0,00327653937459772
895 0,000403208371173854
896 0,000796616630688685
897 0,00207671437273518
898 0,00649477740470795
899 0,000799242224522501
900 0,00157905860473497
901 0,00411647657545049
902 0,00457793762402381
903 0,000563357421256313
904 0,00111302225568419
905 0,00290155794708331
906 0,030324903253847
907 0,00692445312831315
908 0,000852117782799309
909 0,00168352456350866
910 0,00438881078200519
911 0,0137256954903065
912 0,00168907334512172
913 0,00333709320880335
914 0,00869952893638142
915 0,00967475463522733
916 0,00119056773381692
917 0,00235219832851872
918 0,00613198857289169
919 0,0154683142808301
920 0,00353206789532089
921 0,000434653510953963
922 0,000858742625816807
923 0,00223867175855012
924 0,00700128768061607
925 0,000861572982673944
926 0,00170220515152495
927 0,00443750954641718
928 0,00493495870489313
929 0,000607292156058552
930 0,00119982387715467
931 0,00312784267167991
932 0,0906070795917813
933 0,0216177352528069
934 0,00493623980414034
935 0,000607449807129308
936 0,00120013534753521
937 0,00312865464947581
938 0,00978464626206021
939 0,00120409091141229
940 0,00237891599844425
941 0,00620163935220366
942 0,00689684918660635
943 0,000848720863336089
944 0,0016768132878235
945 0,00437131503544676
946 0,0456856998755654
947 0,0104319702118886
948 0,00128375009007367
949 0,00253629821331224
950 0,00661192190850267
951 0,0206783183941072
952 0,00254465767844647
953 0,00502746661771582
954 0,0131061940979449
955 0,0145754112695697
956 0,00179363870391875
957 0,00354368243106861
958 0,0092380901345823
959 0,023303644463409
960 0,00532120391135229
961 0,000654823188884681
962 0,00129373068547035
963 0,00337265003699725
964 0,0105477245893123
965 0,0012979947331685
966 0,00256444127878116
967 0,00668528857736268
968 0,00743471596274442
969 0,000914910327865808
970 0,00180758346024638
971 0,00471222217463224
972 0,197621734522872
973 0,0475105003747811
974 0,0113354212878037
975 0,00258835428888375
976 0,000318520853108872
977 0,000629299952451308
978 0,00164053348332357
979 0,00513065250524727
980 0,000631374081977512
981 0,00124740240988752
982 0,00325187601338224
983 0,00361641449367265
984 0,000445033137336339
985 0,000879249598359226
986 0,00229213175797709
987 0,0239556386856229
988 0,00547008166353697
989 0,00067314396855478
990 0,00132992695225394
991 0,00346701074272825
992 0,0108428310264421
993 0,00133431030036738
994 0,00263618975141158
995 0,0068723309746631
996 0,00764272599564385
997 0,000940507879722939
998 0,00185815640707023
999 0,00484406170885068
1000 0,0122194404013546
1001 0,00279021309994326
1002 0,000343361440420412
1003 0,000678377368455438
1004 0,00176847429106741
1005 0,00553077833775659
1006 0,000680613253782207
1007 0,00134468397928243
1008 0,00350548110469196
1009 0,00389844896365471
1010 0,00047974007848833
1011 0,000947819917079343
1012 0,00247088896808704
1013 0,0598878112453102
1014 0,014288495492891
1015 0,0032626655553167
1016 0,000401501069830971
1017 0,000793243524521821
1018 0,00206792096096391
1019 0,00646727663097028
1020 0,000795858000828821
1021 0,00157237241201405
1022 0,00409904621812741
1023 0,00455855330660406
1024 0,000560972002325068
1025 0,00110830939621092
1026 0,00288927190806808
1027 0,030196498806545
1028 0,00689513298277579
1029 0,000848509668635824
1030 0,0016763960315794
1031 0,00437022728256056
1032 0,0136675769093991
1033 0,00168192131803964
1034 0,00332296298700233
1035 0,00866269260435712
1036 0,00963378891437014
1037 0,00118552652426856
1038 0,00234223843767291
1039 0,00610602395242866
1040 0,0154028169458742
1041 0,00351711209407282
1042 0,000432813061756987
1043 0,000855106460144007
1044 0,00222919257217182
1045 0,00697164219527005
1046 0,000857924832448221
1047 0,00169499752056084
1048 0,00441871984226099
1049 0,00491406265653131
1050 0,000604720704700678
1051 0,00119474347440726
1052 0,00311459847742337
1053 0,090223422902781
1054 0,0215261994835475
1055 0,00491533833123225
1056 0,000604877688231015
1057 0,00119505362593176
1058 0,00311540701706948
1059 0,0097432152281404
1060 0,00119899244080261
1061 0,00236884297722466
1062 0,00617537981011313
1063 0,00686764592417487
1064 0,000845127132716141
1065 0,00166971317338458
1066 0,00435280561807416
1067 0,0454922533543014
1068 0,0103877982203701
1069 0,00127831431936701
1070 0,00252555879008813
1071 0,00658392511091495
1072 0,0205907603886519
1073 0,00253388285881924
1074 0,00500617886398507
1075 0,0130506986658476
1076 0,0145136947452793
1077 0,00178604391673978
1078 0,0035286774505031
1079 0,00919897337803647
1080 0,0232049700649321
1081 0,00529867238861342
1082 0,000652050477329911
1083 0,00128825265402423
1084 0,00335836925725928
1085 0,0105030624601426
1086 0,00129249864650605
1087 0,00255358268964457
1088 0,00665698112399195
1089 0,0074032352161761
1090 0,00091103633183037
1091 0,00179992962691929
1092 0,00469226925742644

